1.000000 0.458971 0.212164 0.528635 0.359007 0.222563 0.301198 0.209354 0.467317 0.342551 0.479703 0.240744 0.323069 0.277495 0.192564
0.458971 1.000000 0.199955 0.551924 0.510722 0.194340 0.355555 0.159661 0.484304 0.375273 0.512703 0.199717 0.319955 0.322540 0.188662
0.212164 0.199955 1.000000 0.240486 0.175467 0.371773 0.180226 0.418537 0.226638 0.228853 0.179526 0.537325 0.253155 0.263219 0.250538
0.528635 0.551924 0.240486 1.000000 0.431126 0.205082 0.380955 0.199414 0.449823 0.307562 0.474633 0.252204 0.323476 0.316071 0.186679
0.359007 0.510722 0.175467 0.431126 1.000000 0.215647 0.421653 0.176657 0.454553 0.413118 0.558140 0.187632 0.285384 0.417808 0.276313
0.222563 0.194340 0.371773 0.205082 0.215647 1.000000 0.193400 0.490258 0.222251 0.358885 0.193414 0.526259 0.232656 0.267427 0.415364
0.301198 0.355555 0.180226 0.380955 0.421653 0.193400 1.000000 0.165267 0.321130 0.336600 0.403982 0.191545 0.290443 0.361167 0.186619
0.209354 0.159661 0.418537 0.199414 0.176657 0.490258 0.165267 1.000000 0.207094 0.273477 0.163692 0.549428 0.221079 0.265903 0.251822
0.467317 0.484304 0.226638 0.449823 0.454553 0.222251 0.321130 0.207094 1.000000 0.394051 0.446778 0.242211 0.350736 0.366477 0.205103
0.342551 0.375273 0.228853 0.307562 0.413118 0.358885 0.336600 0.273477 0.394051 1.000000 0.379889 0.300723 0.288758 0.392097 0.325729
0.479703 0.512703 0.179526 0.474633 0.558140 0.193414 0.403982 0.163692 0.446778 0.379889 1.000000 0.193574 0.282398 0.436057 0.185470
0.240744 0.199717 0.537325 0.252204 0.187632 0.526259 0.191545 0.549428 0.242211 0.300723 0.193574 1.000000 0.280769 0.279397 0.274615
0.323069 0.319955 0.253155 0.323476 0.285384 0.232656 0.290443 0.221079 0.350736 0.288758 0.282398 0.280769 1.000000 0.289706 0.190984
0.277495 0.322540 0.263219 0.316071 0.417808 0.267427 0.361167 0.265903 0.366477 0.392097 0.436057 0.279397 0.289706 1.000000 0.227247
0.192564 0.188662 0.250538 0.186679 0.276313 0.415364 0.186619 0.251822 0.205103 0.325729 0.185470 0.274615 0.190984 0.227247 1.000000
